function [B,C]=test2_cm
A=[4,0,1,0;
    5,6,7,8;
    9,10,11,12;
    13,14,15,1];
B=A.^3;
C=A*A;
end